p0 = 0.16;
p1 = 0.22;
p2 = 0.62;
n0 = 64*8;
n1 = 1518*8;
n2_aux = (1517+65)/2;
n2 = n2_aux*8;


B = p0*n0 + p1*n1 + p2*n2;


C = [2*10^6, 10*10^6];

